12 3
7 1
7 1
11 2
7 1
7 1
7 1
12 3
7 1
7 1
7 1
11 2
7 1
7 1
12 3
7 1
13 2
7 1
7 1
7 1
9 3
7 1
7 1
7 1
9 3
7 1
7 1
7 1
13 2
7 1
7 1
7 1
13 2
7 1
7 1
7 1
11 2
7 1
11 2
7 1
7 1
7 1
13 2
7 1
7 1
11 2
7 1
7 1
13 2
7 1
7 1
7 1
11 2
7 1
7 1
7 1
13 2
7 1
7 1
11 2
7 1
7 1
7 1
7 1
13 2
7 1
7 1
7 1
7 1
7 1
13 2
7 1
7 1
7 1
7 1
7 1
9 3
7 1
7 1
7 1
9 3
7 1
7 1
7 1
9 3
7 1
7 1
7 1
9 3
7 1
7 1
7 1
11 2
7 1
7 1
7 1
11 2
7 1
11 2
7 1
7 1
7 1
11 2
7 1
7 1
12 3
7 1
7 1
11 2
7 1
7 1
7 1
13 2
7 1
7 1
7 1
11 2
7 1
7 1
12 3
7 1
7 1
11 2
7 1
7 1
7 1
11 2
7 1
11 2
7 1
7 1
7 1
11 2
7 1
7 1
7 1
9 3
7 1
7 1
7 1
9 3
7 1
7 1
7 1
9 3
7 1
7 1
7 1
9 3
7 1
7 1
7 1
7 1
7 1
13 2
7 1
7 1
7 1
7 1
7 1
13 2
7 1
7 1
7 1
7 1
11 2
7 1
7 1
13 2
7 1
7 1
7 1
11 2
7 1
7 1
7 1
13 2
7 1
7 1
11 2
7 1
7 1
13 2
7 1
7 1
7 1
11 2
7 1
11 2
7 1
7 1
7 1
13 2
7 1
7 1
7 1
13 2
7 1
7 1
7 1
9 3
7 1
7 1
7 1
9 3
7 1
7 1
7 1
13 2
7 1
12 3
7 1
7 1
11 2
7 1
7 1
7 1
12 3
7 1
7 1
7 1
11 2
7 1
7 1
12 3